Intial Adjacency Matrix
0 1 0 0 0 0 0 0 0 0 0 0 
1 0 1 1 0 0 0 0 0 0 0 0 
0 1 0 1 0 0 0 0 0 0 0 0 
0 1 1 0 0 0 0 0 0 0 0 0 
0 0 1 0 0 0 1 0 0 0 0 0 
0 0 0 0 0 0 1 1 0 0 0 0 
0 0 0 0 0 1 0 0 1 0 0 0 
0 0 0 0 0 1 0 0 1 0 1 0 
0 0 0 0 0 0 1 1 0 1 1 1 
0 0 0 0 0 0 0 0 1 0 0 0 
0 0 0 0 0 0 0 1 1 0 0 0 
0 0 0 0 0 0 0 0 1 0 0 0 
Initial Eigenvalue: 2.724562

Adjusted Matrix with idx=0
0 0 0 0 0 0 0 0 0 0 0 0 
0 0 1 1 0 0 0 0 0 0 0 0 
0 1 0 1 0 0 0 0 0 0 0 0 
0 1 1 0 0 0 0 0 0 0 0 0 
0 0 1 0 0 0 1 0 0 0 0 0 
0 0 0 0 0 0 1 1 0 0 0 0 
0 0 0 0 0 1 0 0 1 0 0 0 
0 0 0 0 0 1 0 0 1 0 1 0 
0 0 0 0 0 0 1 1 0 1 1 1 
0 0 0 0 0 0 0 0 1 0 0 0 
0 0 0 0 0 0 0 1 1 0 0 0 
0 0 0 0 0 0 0 0 1 0 0 0 
Matrix eigenvalue is: 2.724562
2.724562 - 2.724562 / 2.724562
Change in eigenvalue is 0.000000

Adjusted Matrix with idx=1
0 0 0 0 0 0 0 0 0 0 0 0 
0 0 0 0 0 0 0 0 0 0 0 0 
0 0 0 1 0 0 0 0 0 0 0 0 
0 0 1 0 0 0 0 0 0 0 0 0 
0 0 1 0 0 0 1 0 0 0 0 0 
0 0 0 0 0 0 1 1 0 0 0 0 
0 0 0 0 0 1 0 0 1 0 0 0 
0 0 0 0 0 1 0 0 1 0 1 0 
0 0 0 0 0 0 1 1 0 1 1 1 
0 0 0 0 0 0 0 0 1 0 0 0 
0 0 0 0 0 0 0 1 1 0 0 0 
0 0 0 0 0 0 0 0 1 0 0 0 
Matrix eigenvalue is: 2.724562
2.724562 - 2.724562 / 2.724562
Change in eigenvalue is 0.000000

Adjusted Matrix with idx=2
0 1 0 0 0 0 0 0 0 0 0 0 
1 0 0 1 0 0 0 0 0 0 0 0 
0 0 0 0 0 0 0 0 0 0 0 0 
0 1 0 0 0 0 0 0 0 0 0 0 
0 0 0 0 0 0 1 0 0 0 0 0 
0 0 0 0 0 0 1 1 0 0 0 0 
0 0 0 0 0 1 0 0 1 0 0 0 
0 0 0 0 0 1 0 0 1 0 1 0 
0 0 0 0 0 0 1 1 0 1 1 1 
0 0 0 0 0 0 0 0 1 0 0 0 
0 0 0 0 0 0 0 1 1 0 0 0 
0 0 0 0 0 0 0 0 1 0 0 0 
Matrix eigenvalue is: 2.724562
2.724562 - 2.724562 / 2.724562
Change in eigenvalue is 0.000000

Adjusted Matrix with idx=3
0 1 0 0 0 0 0 0 0 0 0 0 
1 0 1 0 0 0 0 0 0 0 0 0 
0 1 0 0 0 0 0 0 0 0 0 0 
0 0 0 0 0 0 0 0 0 0 0 0 
0 0 1 0 0 0 1 0 0 0 0 0 
0 0 0 0 0 0 1 1 0 0 0 0 
0 0 0 0 0 1 0 0 1 0 0 0 
0 0 0 0 0 1 0 0 1 0 1 0 
0 0 0 0 0 0 1 1 0 1 1 1 
0 0 0 0 0 0 0 0 1 0 0 0 
0 0 0 0 0 0 0 1 1 0 0 0 
0 0 0 0 0 0 0 0 1 0 0 0 
Matrix eigenvalue is: 2.724562
2.724562 - 2.724562 / 2.724562
Change in eigenvalue is 0.000000

Adjusted Matrix with idx=4
0 1 0 0 0 0 0 0 0 0 0 0 
1 0 1 1 0 0 0 0 0 0 0 0 
0 1 0 1 0 0 0 0 0 0 0 0 
0 1 1 0 0 0 0 0 0 0 0 0 
0 0 0 0 0 0 0 0 0 0 0 0 
0 0 0 0 0 0 1 1 0 0 0 0 
0 0 0 0 0 1 0 0 1 0 0 0 
0 0 0 0 0 1 0 0 1 0 1 0 
0 0 0 0 0 0 1 1 0 1 1 1 
0 0 0 0 0 0 0 0 1 0 0 0 
0 0 0 0 0 0 0 1 1 0 0 0 
0 0 0 0 0 0 0 0 1 0 0 0 
Matrix eigenvalue is: 2.724562
2.724562 - 2.724562 / 2.724562
Change in eigenvalue is 0.000000

Adjusted Matrix with idx=5
0 1 0 0 0 0 0 0 0 0 0 0 
1 0 1 1 0 0 0 0 0 0 0 0 
0 1 0 1 0 0 0 0 0 0 0 0 
0 1 1 0 0 0 0 0 0 0 0 0 
0 0 1 0 0 0 1 0 0 0 0 0 
0 0 0 0 0 0 0 0 0 0 0 0 
0 0 0 0 0 0 0 0 1 0 0 0 
0 0 0 0 0 0 0 0 1 0 1 0 
0 0 0 0 0 0 1 1 0 1 1 1 
0 0 0 0 0 0 0 0 1 0 0 0 
0 0 0 0 0 0 0 1 1 0 0 0 
0 0 0 0 0 0 0 0 1 0 0 0 
Matrix eigenvalue is: 2.514137
2.724562 - 2.514137 / 2.724562
Change in eigenvalue is 0.077233

Adjusted Matrix with idx=6
0 1 0 0 0 0 0 0 0 0 0 0 
1 0 1 1 0 0 0 0 0 0 0 0 
0 1 0 1 0 0 0 0 0 0 0 0 
0 1 1 0 0 0 0 0 0 0 0 0 
0 0 1 0 0 0 0 0 0 0 0 0 
0 0 0 0 0 0 0 1 0 0 0 0 
0 0 0 0 0 0 0 0 0 0 0 0 
0 0 0 0 0 1 0 0 1 0 1 0 
0 0 0 0 0 0 0 1 0 1 1 1 
0 0 0 0 0 0 0 0 1 0 0 0 
0 0 0 0 0 0 0 1 1 0 0 0 
0 0 0 0 0 0 0 0 1 0 0 0 
Matrix eigenvalue is: 2.445787
2.724562 - 2.445787 / 2.724562
Change in eigenvalue is 0.102319

Adjusted Matrix with idx=7
0 1 0 0 0 0 0 0 0 0 0 0 
1 0 1 1 0 0 0 0 0 0 0 0 
0 1 0 1 0 0 0 0 0 0 0 0 
0 1 1 0 0 0 0 0 0 0 0 0 
0 0 1 0 0 0 1 0 0 0 0 0 
0 0 0 0 0 0 1 0 0 0 0 0 
0 0 0 0 0 1 0 0 1 0 0 0 
0 0 0 0 0 0 0 0 0 0 0 0 
0 0 0 0 0 0 1 0 0 1 1 1 
0 0 0 0 0 0 0 0 1 0 0 0 
0 0 0 0 0 0 0 0 1 0 0 0 
0 0 0 0 0 0 0 0 1 0 0 0 
Matrix eigenvalue is: 2.170086
2.724562 - 2.170086 / 2.724562
Change in eigenvalue is 0.203510

Adjusted Matrix with idx=8
0 1 0 0 0 0 0 0 0 0 0 0 
1 0 1 1 0 0 0 0 0 0 0 0 
0 1 0 1 0 0 0 0 0 0 0 0 
0 1 1 0 0 0 0 0 0 0 0 0 
0 0 1 0 0 0 1 0 0 0 0 0 
0 0 0 0 0 0 1 1 0 0 0 0 
0 0 0 0 0 1 0 0 0 0 0 0 
0 0 0 0 0 1 0 0 0 0 1 0 
0 0 0 0 0 0 0 0 0 0 0 0 
0 0 0 0 0 0 0 0 0 0 0 0 
0 0 0 0 0 0 0 1 0 0 0 0 
0 0 0 0 0 0 0 0 0 0 0 0 
Matrix eigenvalue is: 2.170086
2.724562 - 2.170086 / 2.724562
Change in eigenvalue is 0.203510

Adjusted Matrix with idx=9
0 1 0 0 0 0 0 0 0 0 0 0 
1 0 1 1 0 0 0 0 0 0 0 0 
0 1 0 1 0 0 0 0 0 0 0 0 
0 1 1 0 0 0 0 0 0 0 0 0 
0 0 1 0 0 0 1 0 0 0 0 0 
0 0 0 0 0 0 1 1 0 0 0 0 
0 0 0 0 0 1 0 0 1 0 0 0 
0 0 0 0 0 1 0 0 1 0 1 0 
0 0 0 0 0 0 1 1 0 0 1 1 
0 0 0 0 0 0 0 0 0 0 0 0 
0 0 0 0 0 0 0 1 1 0 0 0 
0 0 0 0 0 0 0 0 1 0 0 0 
Matrix eigenvalue is: 2.599072
2.724562 - 2.599072 / 2.724562
Change in eigenvalue is 0.046059

Adjusted Matrix with idx=10
0 1 0 0 0 0 0 0 0 0 0 0 
1 0 1 1 0 0 0 0 0 0 0 0 
0 1 0 1 0 0 0 0 0 0 0 0 
0 1 1 0 0 0 0 0 0 0 0 0 
0 0 1 0 0 0 1 0 0 0 0 0 
0 0 0 0 0 0 1 1 0 0 0 0 
0 0 0 0 0 1 0 0 1 0 0 0 
0 0 0 0 0 1 0 0 1 0 0 0 
0 0 0 0 0 0 1 1 0 1 0 1 
0 0 0 0 0 0 0 0 1 0 0 0 
0 0 0 0 0 0 0 0 0 0 0 0 
0 0 0 0 0 0 0 0 1 0 0 0 
Matrix eigenvalue is: 2.288246
2.724562 - 2.288246 / 2.724562
Change in eigenvalue is 0.160142

Adjusted Matrix with idx=11
0 1 0 0 0 0 0 0 0 0 0 0 
1 0 1 1 0 0 0 0 0 0 0 0 
0 1 0 1 0 0 0 0 0 0 0 0 
0 1 1 0 0 0 0 0 0 0 0 0 
0 0 1 0 0 0 1 0 0 0 0 0 
0 0 0 0 0 0 1 1 0 0 0 0 
0 0 0 0 0 1 0 0 1 0 0 0 
0 0 0 0 0 1 0 0 1 0 1 0 
0 0 0 0 0 0 1 1 0 1 1 0 
0 0 0 0 0 0 0 0 1 0 0 0 
0 0 0 0 0 0 0 1 1 0 0 0 
0 0 0 0 0 0 0 0 0 0 0 0 
Matrix eigenvalue is: 2.599072
2.724562 - 2.599072 / 2.724562
Change in eigenvalue is 0.046059
Central node is: 8
